71815000 138986600 0 TicketBought 516992544937082882 passenger12 1 1 1 2 1
72888900 139710500 3 TicketBought 517056520622440452 passenger13 1 1 4 5 1
71547800 139581400 2 TicketBought 517056520622440448 passenger13 1 1 2 3 1
72874000 140778700 1 TicketBought 517376403344195587 passenger18 1 1 2 4 3
72306400 139422600 4 TicketBought 517056522769924097 passenger13 1 1 2 3 2
217714400 217815100 1 TicketBought 517248454120964101 passenger16 1 1 2 4 4
217460400 217525600 0 TicketRefund 516992544937082882 passenger12 1 1 1 2 1
220981900 221070900 0 TicketBought 16867038806933510 passenger4 1 1 4 5 1
221183100 221212400 0 TicketRefund 16867038806933510 passenger4 1 1 4 5 1
217461100 217528200 3 TicketRefund 517056520622440452 passenger13 1 1 4 5 1
223713200 223801400 3 TicketBought 16803065269059591 passenger3 1 1 2 5 2
217772200 217800700 4 TicketRefund 517056522769924097 passenger13 1 1 2 3 2
224614600 225084400 3 TicketRefund 16803065269059591 passenger3 1 1 2 5 2
217442600 218378500 2 RemainTicket 12 1 2 4
217892200 218312700 1 RemainTicket 15 1 1 2
224515200 224547900 4 RemainTicket 14 1 4 5
251741700 251775800 1 RemainTicket 15 1 4 5
225529800 225559500 3 RemainTicket 12 1 2 5
251763100 251855000 4 TicketBought 16867040954417160 passenger4 1 1 1 4 2
251854300 251963700 1 TicketBought 516928635823718410 passenger11 1 2 2 3 1
251763100 251855100 2 TicketBought 517120504897732617 passenger14 1 1 1 4 5
252056500 252082200 1 RemainTicket 9 1 2 4
251981600 252058700 4 TicketBought 16739087436218379 passenger2 1 1 1 2 1
221269800 221301900 0 RemainTicket 13 1 3 4
252369900 252396400 0 RemainTicket 12 1 3 5
252115100 252410600 2 RemainTicket 11 1 3 4
252153200 252317000 1 TicketRefund 517248454120964101 passenger16 1 1 2 4 4
252448500 252468400 0 RemainTicket 15 1 4 5
252511100 252534100 1 RemainTicket 15 1 4 5
252486100 252516000 2 TicketRefund 517120504897732617 passenger14 1 1 1 4 5
252640600 252681000 1 TicketRefund 517376403344195587 passenger18 1 1 2 4 3
251928700 252524500 3 RemainTicket 15 1 4 5
252671000 252756600 2 TicketBought 16803067416543244 passenger3 1 1 1 3 3
252230800 253067100 4 TicketBought 516928577841659918 passenger11 1 1 1 3 5
252841900 253077100 2 TicketBought 16739093878669325 passenger2 1 1 1 3 4
253149500 253171500 2 RemainTicket 15 1 4 5
253170500 253237600 4 TicketBought 16931014492291087 passenger5 1 1 3 4 1
253220000 253243300 2 TicketRefund 16803067416543244 passenger3 1 1 1 3 3
252816800 252838600 3 RemainTicket 14 1 3 4
253305300 253328800 4 TicketRefund 16739087436218379 passenger2 1 1 1 2 1
253388200 253411400 4 TicketRefund 16931014492291087 passenger5 1 1 3 4 1
253349600 253430200 3 TicketBought 17058965863006224 passenger7 1 1 4 5 1
253481500 253498900 4 RemainTicket 14 1 3 4
253548400 253571400 4 TicketRefund 516928577841659918 passenger11 1 1 1 3 5
253512700 253534600 3 TicketRefund 17058965863006224 passenger7 1 1 4 5 1
253633100 253649800 4 RemainTicket 15 1 4 5
253679700 253699000 3 RemainTicket 15 1 4 5
253744700 253760800 3 RemainTicket 12 1 1 3
253706000 253808900 4 TicketBought 16994990177648657 passenger6 1 1 3 5 1
253831000 253847400 3 RemainTicket 13 1 3 4
253887900 253903400 3 RemainTicket 13 1 3 5
253886200 253941000 4 TicketBought 517056524917407762 passenger13 1 1 1 4 3
253952300 253967800 3 RemainTicket 11 1 1 5
254004400 254025100 4 TicketRefund 16867040954417160 passenger4 1 1 1 4 2
252754400 252783500 1 TicketRefund 516928635823718410 passenger11 1 2 2 3 1
254019300 254077100 3 TicketBought 517120498455281683 passenger14 1 1 1 4 2
254159900 254234900 1 TicketBought 16994996620099604 passenger6 1 1 3 4 4
254089900 254288400 4 TicketBought 517056529212375061 passenger13 1 1 3 5 5
254291900 254312100 1 TicketRefund 16994996620099604 passenger6 1 1 3 4 4
252537200 254326600 0 TicketBought 16739154008211478 passenger2 1 2 2 4 1
254354800 254375600 4 TicketRefund 517056529212375061 passenger13 1 1 3 5 5
254373200 254444300 1 TicketBought 17186925823655959 passenger9 1 1 2 4 5
254422900 254450600 4 RemainTicket 8 1 1 4
254404600 254465000 0 TicketBought 17059034582482968 passenger7 1 2 2 5 2
254517100 254585000 1 TicketBought 16867045249384473 passenger4 1 1 3 5 4
254889400 254908800 1 RemainTicket 8 1 3 5
254970300 255043400 1 TicketBought 16995061044609050 passenger6 1 2 2 5 3
255094400 255111100 1 RemainTicket 7 1 3 4
254154800 255146000 3 TicketBought 16867111821377564 passenger4 1 2 2 5 4
254987800 255054700 0 TicketBought 16994992325132315 passenger6 1 1 4 5 2
255541500 255563300 0 RemainTicket 8 1 4 5
255164900 255231200 1 TicketBought 16611140360470557 passenger0 1 1 4 5 3
253308100 255564200 2 RemainTicket 10 1 4 5
256102300 256212000 0 TicketBought 16675186912788510 passenger1 1 2 2 5 5
256298000 256370600 0 TicketBought 517248580822499359 passenger16 1 3 1 4 1
256436600 256495200 0 TicketBought 517376399049228320 passenger18 1 1 2 3 1
256547100 256566400 0 RemainTicket 4 1 2 4
255727100 256226500 2 TicketRefund 517056520622440448 passenger13 1 1 2 3 1
256608500 256623900 0 RemainTicket 7 1 4 5
256665800 256714400 2 TicketRefund 16739093878669325 passenger2 1 1 1 3 4
256929000 256957200 2 RemainTicket 4 1 2 4
257002500 257014300 2 RemainTicket 4 1 3 5
257062000 257131700 2 TicketBought 517248456268447777 passenger16 1 1 4 5 5
257183900 257237700 2 TicketRefund 517248456268447777 passenger16 1 1 4 5 5
257414600 257432800 2 RemainTicket 4 1 3 5
257486000 257501500 2 RemainTicket 4 1 3 5
257570300 257780900 2 TicketBought 516992680228552738 passenger12 1 3 2 5 2
258335200 258362400 2 RemainTicket 3 1 2 5
